21.0 7.81 7.81 0
20.008 7.815 7.815 7.3467428961911025
19.029 7.535 8.127 7.4280086846123865
18.07 7.237 8.523 6.748170623828443
17.131 6.922 9.02 5.929258875247207
16.169 6.684 9.405 4.947412546224037
15.208 36.461 9.832 4.217264651376517
14.458 35.955 10.457 37.83807558138514
14.393 31.883 15.044 36.55937500472905
14.882 4.7 13.32 26.117494773198302
15.418 4.054 12.141 -3.593839114564979
14.202 27.559 11.385 -2.7256309827879193
13.302 27.009 10.659 25.91251924963359
14.197 26.255 9.871 26.31619299466938
15.875 13.053 9.372 26.398585271096863
27.909 8.453 9.094 11.73217965135003
26.193 8.464 8.769 5.809245861035642
24.991 9.215 8.382 6.385164958848208
23.636 9.442 8.074 7.885864693755579
22.333 9.557 7.804 8.676110848261573
21.079 9.592 7.572 9.28340682535066
19.769 9.259 7.458 9.745486877576027
18.535 8.917 7.417 9.625931550487564
17.37 8.563 7.46 9.39339368695363
16.263 8.199 26.564 9.028471398525106
15.267 8.022 23.991 -18.687208093176228
14.498 9.366 25.877 -15.035227670040989
13.754 10.83 27.049 -16.01086619870759
13.153 13.366 29.771 -15.780768263953682
12.653 12.663 34.019 -16.43206240338837
12.303 11.396 33.838 -23.47747813463917
12.393 10.272 32.474 -24.826283579868825
13.023 9.405 31.535 -24.291630872272755
13.972 8.799 24.53 -24.106362794201097
15.626 8.37 13.579 -14.70338573735107
16.641 7.985 12.027 0.35430828441853635
15.642 7.497 13.629 1.996425556172568
14.643 7.008 15.231 -0.7626632776231617
13.644 6.521 16.837 -3.5372137242941264
13.116 6.074 17.413 -6.329269467300087
13.106 5.68 16.986 -7.647442577558515
13.184 5.316 16.57 -7.508857898926983
13.371 4.985 16.165 -7.358575320698492
13.735 4.685 15.752 -7.195401080764945
14.296 4.418 15.351 -7.001709087596794
15.152 4.186 14.952 -6.805713040714636
16.454 3.989 14.55 -6.599864643362885
18.388 3.827 14.158 -6.389745309658913
17.293 3.706 13.752 -6.205973638908361
16.213 3.625 13.355 -5.6583777816422725
15.185 3.532 13.237 -5.073488481795124
14.164 3.458 13.107 -4.90854987327311
13.148 3.406 12.961 -4.700595922495637
