0.0 1.0 21.0 7.81 7.81 0
0.0 1.999 20.001 7.811 7.811 3.107054986895406
0.017 2.998 19.005 7.666 7.964 2.472252850704919
0.034 3.998 18.005 7.642 7.988 1.286126425624552
0.052 4.998 17.005 7.618 8.012 0.3303895431501118
0.07 5.998 16.004 23.784 8.039 -0.708179986198509
0.085 6.84 15.162 22.453 8.167 32.6574625650353
0.249 7.682 14.587 35.479 10.295 30.882849699119532
0.59 8.618 14.241 32.127 14.106 4.896533091949124
0.941 9.534 13.354 31.505 13.97 11.315871410822481
1.336 10.421 12.673 30.449 12.686 13.817944633262869
1.781 11.258 12.166 29.312 11.458 18.569231760601028
2.298 12.024 12.032 28.102 10.311 22.470722719379978
2.892 12.708 12.314 27.137 9.382 25.11574368031191
3.569 13.297 13.264 26.548 8.703 26.29960464852482
4.316 13.781 15.09 15.232 8.293 27.10565680670088
5.182 14.184 27.382 10.4 8.1 17.25719919911633
6.107 14.521 25.427 9.234 7.958 10.11227498891234
7.054 14.811 23.995 8.958 7.801 7.872467032243762
8.012 15.068 22.765 8.948 7.632 7.378948316767449
8.978 15.291 21.575 8.889 7.506 7.25793382995343
9.953 15.48 20.423 8.789 7.423 6.635348431441102
10.936 15.635 19.302 8.646 7.391 5.614088320106347
11.923 15.775 18.254 8.685 7.299 4.27085593316054
12.914 15.897 17.215 8.705 7.227 3.3484615644415143
13.908 16.002 16.18 8.691 7.182 2.2516074026601274
14.903 16.107 15.18 8.856 24.866 0.9900637274566932
15.867 16.209 14.211 9.043 23.306 -14.049807334660716
16.827 16.379 13.376 10.159 23.959 -12.983490453808137
17.77 16.614 12.605 11.717 24.897 -13.597280970011031
18.689 16.913 11.893 13.061 26.263 -14.810144820052848
19.577 17.272 11.242 11.629 28.294 -16.73677905613813
20.418 17.7 10.754 10.314 33.07 -19.298665090097483
21.215 18.218 10.474 9.149 32.357 -18.11109469348381
21.963 18.803 10.198 8.208 31.357 -18.26446157792914
22.656 19.45 10.04 7.402 30.553 -18.421219428324292
23.278 20.166 10.245 6.725 29.962 -18.40678251509017
23.823 20.944 10.77 6.19 29.629 -18.18422009745526
24.299 21.768 11.403 5.761 21.823 -17.885526469491303
24.708 22.644 12.529 5.426 17.745 -14.724622259980062
25.059 23.556 13.784 5.147 15.824 -12.139359804946722
25.346 24.495 15.914 4.951 14.358 -10.91121151773686
25.585 25.452 18.249 4.783 13.582 -9.327455324857148
25.774 26.424 22.123 4.678 12.886 -7.949328311580345
25.929 27.405 22.877 4.577 12.54 -6.366360498818857
26.05 28.391 21.772 4.518 12.198 -6.2337463676282
26.136 29.382 20.697 4.51 11.838 -6.3088358906555015
26.188 30.375 19.652 4.551 11.478 -6.416451937231749
26.205 31.368 18.635 4.65 11.11 -6.556007056827518
26.187 32.361 17.642 4.814 10.724 -6.693831376427617
26.135 33.353 16.67 5.045 10.338 -6.804651726195331
26.048 34.342 15.718 5.356 9.944 -6.884913401802926
25.927 35.327 14.783 5.762 9.536 -6.900674921800977
25.771 36.307 13.864 6.266 9.124 -6.818487127954469
25.582 37.282 12.957 6.898 8.699 -6.626494770134684
