0 0 22.0 8.485 8.485 0
0.0 1.0 21.0 8.485 8.485 0
0.0 2.0 20.0 8.485 8.485 0
0.0 3.0 19.0 8.485 8.485 0
0.0 4.0 18.0 42.426 8.485 0
0.0 5.0 17.0 24.042 8.485 40
0.0 5.766 16.597 7.154 11.017 40
0.16 6.515 16.949 6.256 16.588 -40.0
0.471 7.215 15.116 35.209 11.882 -40.0
0.63 7.965 14.035 19.848 9.376 25.2884
0.63 8.869 13.26 36.781 11.013 40
0.737 9.628 13.166 32.285 13.65 34.0056
1.02 10.407 13.386 30.004 12.002 12.8867
1.507 11.252 12.963 29.028 10.95 25.4575
2.012 12.001 13.455 28.027 10.013 35.8174
2.555 12.604 15.608 18.738 9.488 40
3.167 13.064 29.604 8.957 9.51 40
3.862 13.387 26.826 6.39 10.157 40
4.609 13.56 25.395 5.126 11.731 0
5.609 13.577 24.395 5.151 11.707 -40.0
6.375 13.591 24.247 6.776 9.916 -40.0
7.121 13.763 25.242 11.001 8.766 0
8.027 14.186 24.242 12.237 8.315 40
8.722 14.509 21.838 8.507 8.834 40
9.469 14.682 20.534 6.742 10.171 0
10.469 14.699 19.534 6.766 10.147 0
11.469 14.716 18.534 6.791 26.683 0
12.469 14.733 17.534 6.815 25.243 -40.0
13.235 14.747 17.206 8.956 8.553 -40.0
13.981 14.919 17.673 14.38 7.536 40
14.676 15.242 15.727 9.89 28.913 40
15.423 15.415 14.579 7.797 20.99 -25.182
16.328 15.43 13.843 9.236 23.255 -40.0
17.085 15.55 13.835 13.651 31.767 -31.5244
17.881 15.855 14.139 12.49 35.19 -3.3918
18.737 16.369 13.282 11.559 34.516 -8.9546
19.574 16.892 12.575 10.622 33.729 -14.0297
20.379 17.435 12.208 9.693 32.81 -20.3091
21.118 18.012 12.344 8.883 31.993 -28.0369
21.752 18.625 13.701 8.329 26.998 -36.3845
22.236 19.268 17.711 8.211 13.014 -40.0
22.572 19.957 30.701 8.666 8.876 -40.0
22.757 20.701 29.317 9.903 6.976 40
22.783 21.466 29.408 8.42 9.286 40
22.969 22.209 16.038 7.436 15.265 0
23.407 23.108 15.039 6.973 16.611 -40.0
23.743 23.797 25.861 7.3 11.15 -40.0
23.928 24.541 25.475 8.302 8.693 -40.0
23.955 25.307 25.073 10.539 7.27 0
23.781 26.292 24.073 10.842 7.057 40
23.648 27.047 22.967 8.684 8.282 40
23.674 27.812 22.867 7.381 11.016 40
23.86 28.555 14.006 6.494 18.002 -40.0
24.196 29.244 21.392 6.771 12.029 -40.0
24.381 29.988 20.024 7.682 9.357 -40.0
24.408 30.754 19.542 9.749 7.823 0
24.234 31.739 18.542 10.052 7.61 40
24.101 32.494 17.517 8.065 8.947 40
24.127 33.259 17.254 6.852 11.895 0
24.369 34.229 16.254 6.57 12.365 -40.0
24.554 34.973 15.036 7.445 9.611 -40.0
24.581 35.739 14.481 9.448 8.034 0
24.407 36.724 13.48 9.751 7.821 40
