22.0 8.485 8.485 0
21.0 8.485 8.485 0
20.0 8.485 8.485 0
19.0 8.485 8.485 0
18.0 42.426 8.485 0
17.0 24.042 8.485 40
16.597 7.154 11.017 40
16.949 6.256 16.588 -40.0
15.116 35.209 11.882 -40.0
14.035 19.848 9.376 25.2884
13.26 36.781 11.013 40
13.166 32.285 13.65 34.0056
13.386 30.004 12.002 12.8867
12.963 29.028 10.95 25.4575
13.455 28.027 10.013 35.8174
15.608 18.738 9.488 40
29.604 8.957 9.51 40
26.826 6.39 10.157 40
25.395 5.126 11.731 0
24.395 5.151 11.707 -40.0
24.247 6.776 9.916 -40.0
25.242 11.001 8.766 0
24.242 12.237 8.315 40
21.838 8.507 8.834 40
20.534 6.742 10.171 0
19.534 6.766 10.147 0
18.534 6.791 26.683 0
17.534 6.815 25.243 -40.0
17.206 8.956 8.553 -40.0
17.673 14.38 7.536 40
15.727 9.89 28.913 40
14.579 7.797 20.99 -25.182
13.843 9.236 23.255 -40.0
13.835 13.651 31.767 -31.5244
14.139 12.49 35.19 -3.3918
13.282 11.559 34.516 -8.9546
12.575 10.622 33.729 -14.0297
12.208 9.693 32.81 -20.3091
12.344 8.883 31.993 -28.0369
13.701 8.329 26.998 -36.3845
17.711 8.211 13.014 -40.0
30.701 8.666 8.876 -40.0
29.317 9.903 6.976 40
29.408 8.42 9.286 40
16.038 7.436 15.265 0
15.039 6.973 16.611 -40.0
25.861 7.3 11.15 -40.0
25.475 8.302 8.693 -40.0
25.073 10.539 7.27 0
24.073 10.842 7.057 40
22.967 8.684 8.282 40
22.867 7.381 11.016 40
14.006 6.494 18.002 -40.0
21.392 6.771 12.029 -40.0
20.024 7.682 9.357 -40.0
19.542 9.749 7.823 0
18.542 10.052 7.61 40
17.517 8.065 8.947 40
17.254 6.852 11.895 0
16.254 6.57 12.365 -40.0
15.036 7.445 9.611 -40.0
14.481 9.448 8.034 0
13.48 9.751 7.821 40
